{
 "cells": [
  {
   "cell_type": "code",
   "execution_count": 1,
   "metadata": {},
   "outputs": [],
   "source": [
    "%run preprocess.ipynb\n",
    "%run preprocessing_tweets.ipynb\n",
    "import os \n",
    "import numpy as np\n",
    "import json\n",
    "import gensim\n",
    "import nltk\n",
    "import re\n",
    "from nltk.corpus import stopwords\n",
    "from copy import deepcopy\n",
    "import pickle\n",
    "from nltk.tokenize import TweetTokenizer\n",
    "from sklearn.svm import LinearSVC\n",
    "from sklearn.svm import SVC\n",
    "from sklearn.metrics import accuracy_score, f1_score\n",
    "from sklearn.feature_extraction.text import CountVectorizer\n",
    "from sklearn.feature_extraction.text import TfidfVectorizer\n",
    "from sklearn.feature_extraction.text import HashingVectorizer\n",
    "from sklearn.ensemble import RandomForestClassifier\n",
    "from sklearn.preprocessing import StandardScaler\n",
    "from sklearn.metrics import confusion_matrix\n",
    "# from preprocess import read_data\n",
    "# from preprocess import get_features\n",
    "from sklearn.neural_network import MLPClassifier\n",
    "from sklearn.linear_model import LogisticRegression\n",
    "from sklearn import tree\n",
    "from collections import Counter\n",
    "from sklearn.metrics import confusion_matrix\n",
    "from sklearn.metrics import precision_score\n",
    "from sklearn.metrics import recall_score\n",
    "\n",
    "import seaborn as sn\n",
    "import pandas as pd\n",
    "import matplotlib.pyplot as plt"
   ]
  },
  {
   "cell_type": "code",
   "execution_count": 2,
   "metadata": {
    "scrolled": true
   },
   "outputs": [
    {
     "name": "stdout",
     "output_type": "stream",
     "text": [
      "580323060533764097\n"
     ]
    }
   ],
   "source": [
    "all_data = read_data()"
   ]
  },
  {
   "cell_type": "code",
   "execution_count": 63,
   "metadata": {},
   "outputs": [],
   "source": [
    "model_name=['SVC_Linear','MLP','Logistic Regression','Decision Tree','Random Forest']"
   ]
  },
  {
   "cell_type": "markdown",
   "metadata": {},
   "source": [
    "#### Calculating analysis of model and its confidence score"
   ]
  },
  {
   "cell_type": "code",
   "execution_count": 58,
   "metadata": {},
   "outputs": [],
   "source": [
    "def with_tweet_context(BOW_sents, all_extra_feats, Y, model, test_BOW_sents, test_all_extra_feats, Y_test,count,title):\n",
    "    cv = CountVectorizer()\n",
    "    cv_fit=cv.fit_transform(BOW_sents)\n",
    "    BOW_features = cv_fit.toarray()\n",
    "    \n",
    "    # Append features with Bag of words\n",
    "    X = []\n",
    "    for i in range(len(BOW_features)):\n",
    "        line = list(BOW_features[i]) + all_extra_feats[i]\n",
    "        X.append(line)\n",
    "        \n",
    "    model.fit(X, Y)\n",
    "\n",
    "    # preprocess testing set\n",
    "    test_cv_fit = cv.transform(test_BOW_sents)\n",
    "    test_BOW_features = test_cv_fit.toarray()\n",
    "\n",
    "    # Append features\n",
    "    X_test = []\n",
    "    for i in range(len(test_BOW_features)):\n",
    "        line = list(test_BOW_features[i]) + test_all_extra_feats[i]\n",
    "        X_test.append(line)\n",
    "        \n",
    "    Y_pred = model.predict(X_test)\n",
    "#     if count==1:\n",
    "#         print(\"Confidence: \",class_probabilities = model.predict_proba(sub_main))\n",
    "    if count ==1 or count==3:\n",
    "        print(\"Confidence score: \",model.decision_function(X_test))\n",
    "    else:\n",
    "        print(\"Confidence score: \",model.predict_proba(X_test))\n",
    "    print(\"accuracy : \", accuracy_score(Y_test, Y_pred))\n",
    "    print(\"Macro F: \", f1_score(Y_test, Y_pred, average='macro'))\n",
    "    cf_matrix = confusion_matrix(Y_test, Y_pred)\n",
    "    df_cm = pd.DataFrame(cf_matrix, index = [i for i in range(3)],columns = [i for i in range(3)])\n",
    "    plt.figure(figsize = (6,4))\n",
    "#     sn.heatmap(df_cm, annot=True)\n",
    "    svm = sn.heatmap(df_cm, annot=True)\n",
    "    fig = svm.get_figure()\n",
    "    fig.savefig(title)\n",
    "    return Y_pred"
   ]
  },
  {
   "cell_type": "code",
   "execution_count": 59,
   "metadata": {},
   "outputs": [],
   "source": [
    "def without_tweet_context(X, Y, model, X_test, Y_test,count,title,name):\n",
    "    model.fit(X, Y)\n",
    "    Y_pred = model.predict(X_test)\n",
    "#     if count==1:\n",
    "    print(\"Analysis for model\")\n",
    "    if count ==1 or count==3:\n",
    "        print(\"Confidence score: \",model.decision_function(X_test))\n",
    "    else:\n",
    "        print(\"Confidence score: \",model.predict_proba(X_test))\n",
    "    print(\"accuracy : \", accuracy_score(Y_test, Y_pred))\n",
    "    print(\"Macro F: \", f1_score(Y_test, Y_pred, average='macro'))\n",
    "    cf_matrix = confusion_matrix(Y_test, Y_pred)\n",
    "    df_cm = pd.DataFrame(cf_matrix, index = [i for i in range(3)],columns = [i for i in range(3)])\n",
    "    plt.figure(figsize = (6,4))\n",
    "#     sn.heatmap(df_cm, annot=True)   \n",
    "    svm = sn.heatmap(df_cm, annot=True)\n",
    "    fig = svm.get_figure()\n",
    "    fig.savefig(title)\n",
    "    return Y_pred"
   ]
  },
  {
   "cell_type": "code",
   "execution_count": 60,
   "metadata": {},
   "outputs": [],
   "source": [
    "def write_to_json(ids, pred, path):\n",
    "    submission = {}\n",
    "    for i, id in enumerate(ids):\n",
    "        submission[id] = [pred[i], 1]\n",
    "        subtaskaenglish = {}\n",
    "        subtaskbenglish = {}\n",
    "        \n",
    "    answer = {}\n",
    "    answer['subtaskaenglish'] = {}\n",
    "    answer['subtaskbenglish'] = submission\n",
    "\n",
    "    answer['subtaskadanish'] = {}\n",
    "    answer['subtaskbdanish'] = {}\n",
    "\n",
    "    answer['subtaskarussian'] = {}\n",
    "    answer['subtaskbrussian'] = {}\n",
    "        \n",
    "    with open(path, 'w') as f:\n",
    "        json.dump(answer, f)"
   ]
  },
  {
   "cell_type": "code",
   "execution_count": 61,
   "metadata": {},
   "outputs": [],
   "source": [
    "from sklearn.calibration import CalibratedClassifierCV"
   ]
  },
  {
   "cell_type": "code",
   "execution_count": 62,
   "metadata": {
    "scrolled": true
   },
   "outputs": [
    {
     "name": "stdout",
     "output_type": "stream",
     "text": [
      "<class 'sklearn.svm.classes.LinearSVC'>\n",
      "Without the context of the tweet in context\n",
      "Confidence score:  [[-0.52914907 -0.25311038 -0.21428994]\n",
      " [-0.20550825 -0.24577334 -0.53903657]\n",
      " [-0.38923125 -0.18962831 -0.4162819 ]\n",
      " [-0.14772124 -0.25605496 -0.58335286]\n",
      " [-0.2111506  -0.38390332 -0.40205051]\n",
      " [-0.34713511 -0.1623594  -0.48324626]\n",
      " [-0.63724444  0.17891411 -0.5497747 ]\n",
      " [-0.36227304 -0.14035559 -0.49090449]\n",
      " [-0.30929029 -0.21736893 -0.46410068]\n",
      " [ 0.14907305 -0.63253916 -0.50911468]\n",
      " [ 0.06479782 -0.53874203 -0.51730977]\n",
      " [-0.43890183 -0.38840046 -0.17009566]\n",
      " [-0.40449918 -0.37040069 -0.23143904]\n",
      " [-0.27942728 -0.26077645 -0.44899308]\n",
      " [-0.3141069  -0.21036772 -0.46653739]\n",
      " [-0.19685583 -0.34460222 -0.44889569]\n",
      " [-0.2557982  -0.2598235  -0.47552477]\n",
      " [-0.34276939 -0.11997169 -0.534926  ]\n",
      " [-0.22814377 -0.27552146 -0.49642764]\n",
      " [-0.46823856  0.0136711  -0.54451211]\n",
      " [ 0.06105072 -0.41126013 -0.63937517]\n",
      " [-0.29932069 -0.16936837 -0.53246908]\n",
      " [-0.28809719 -0.24817427 -0.45337915]\n",
      " [-0.83560764  0.09446716 -0.26640434]\n",
      " [-0.90879545  0.05341974 -0.15632871]\n",
      " [ 0.25874456 -0.59826975 -0.66165182]\n",
      " [-0.98582667 -0.04101306  0.01064299]\n",
      " [-0.29370713 -0.24001992 -0.4562172 ]\n",
      " [ 0.12160244 -0.62100075 -0.49402435]\n",
      " [-0.25497052 -0.20366548 -0.53764511]\n",
      " [-0.11285336 -0.45959736 -0.42752172]\n",
      " [-0.4379627  -0.03033652 -0.52919565]\n",
      " [-0.36867871 -0.22933121 -0.39607769]\n",
      " [-0.67541234 -0.18893291 -0.13492736]\n",
      " [-0.26484598 -0.23264734 -0.50588928]\n",
      " [-0.2111506  -0.38390332 -0.40205051]\n",
      " [-0.36611645 -0.19374096 -0.43400841]\n",
      " [-0.16690873 -0.26390549 -0.55739887]\n",
      " [-0.38614364  0.09050509 -0.70397001]\n",
      " [-0.20341827 -0.2036311  -0.58305863]\n",
      " [-0.46219924 -0.10567981 -0.43113101]\n",
      " [-0.66809095  0.08302266 -0.42496516]\n",
      " [-0.36587876 -0.17761353 -0.4518481 ]\n",
      " [-0.6838469  -0.17587699 -0.14091504]\n",
      " [-0.81774474  0.26896053 -0.46915288]\n",
      " [-0.39314586 -0.38671576 -0.22286317]\n",
      " [-0.03415878 -0.61269048 -0.34718931]\n",
      " [-0.85377316  0.12087173 -0.27559422]\n",
      " [-0.0717681  -0.5725582  -0.35036874]\n",
      " [ 0.27886806 -0.70164853 -0.5706517 ]\n",
      " [-0.58573427  0.00754167 -0.4274315 ]\n",
      " [-0.57420407  0.16769779 -0.59811974]\n",
      " [-0.28947585 -0.25919738 -0.4473121 ]\n",
      " [-0.33578167 -0.17886226 -0.47750258]\n",
      " [-0.38897662 -0.14174864 -0.46429526]\n",
      " [-0.49472993  0.05217778 -0.55791402]\n",
      " [-0.12773773 -0.33713618 -0.52132522]\n",
      " [-0.14228701 -0.36674165 -0.48490206]\n",
      " [-0.32256434 -0.00191093 -0.67180544]\n",
      " [-0.06705866 -0.29093783 -0.63234557]\n",
      " [-0.27051523 -0.25448306 -0.46895262]\n",
      " [-0.23296048 -0.22061301 -0.53821446]\n",
      " [-0.12147556 -0.34076132 -0.52362227]\n",
      " [-0.20309253 -0.2935137  -0.49368413]\n",
      " [-0.30355192 -0.15591502 -0.53610045]\n",
      " [-0.12147556 -0.34076132 -0.52362227]\n",
      " [-0.19931193 -0.27584145 -0.51488743]\n",
      " [ 0.03368964 -0.45330298 -0.57310958]\n",
      " [-0.04889414 -0.40994114 -0.52804156]\n",
      " [-0.09852297 -0.32756735 -0.5584636 ]\n",
      " [-0.09176666 -0.35795964 -0.53451987]\n",
      " [-0.07474354 -0.36650212 -0.54258506]\n",
      " [-0.09430793 -0.3439297  -0.55101625]\n",
      " [-0.21272434 -0.28793789 -0.49015106]\n",
      " [-0.18061829 -0.30652391 -0.50192796]\n",
      " [-0.13562171 -0.34719833 -0.50647701]\n",
      " [-0.16938117 -0.31302902 -0.50604988]\n",
      " [-0.08757638 -0.34933697 -0.54708068]\n",
      " [-0.21272434 -0.28793789 -0.49015106]\n",
      " [-0.1525255  -0.32278668 -0.51223276]\n",
      " [-0.1314559  -0.33498376 -0.51996135]]\n",
      "accuracy :  0.4567901234567901\n",
      "Macro F:  0.3404935430251886\n",
      "\n",
      "With the context of the tweet in context\n",
      "Confidence score:  [[-0.42533637 -0.14558264 -0.42972629]\n",
      " [-0.41211561 -0.13440368 -0.26264472]\n",
      " [-0.11386317 -0.22195918 -0.65909339]\n",
      " [-0.29984034 -0.19703    -0.45677572]\n",
      " [-0.17601617 -0.39783561 -0.32359122]\n",
      " [-0.58177487  0.16208785 -0.47089123]\n",
      " [-0.84572419  0.48988683 -0.55445236]\n",
      " [-0.76990169  0.37382631 -0.52018024]\n",
      " [-0.09233227 -0.53674637 -0.32468605]\n",
      " [ 0.01863462 -0.46093567 -0.46116326]\n",
      " [-0.01310022 -0.41715027 -0.46625089]\n",
      " [-0.12598272 -0.29064519 -0.51276468]\n",
      " [-0.10549979 -0.27635922 -0.63408844]\n",
      " [-0.04113055 -0.38593351 -0.50575798]\n",
      " [-0.07682036 -0.32186072 -0.49681652]\n",
      " [-0.01288989 -0.42524295 -0.5027485 ]\n",
      " [-0.12955035 -0.38192122 -0.37399782]\n",
      " [ 0.06711341 -0.2030031  -0.76824851]\n",
      " [ 0.0572992  -0.25038476 -0.79852857]\n",
      " [-0.04329359 -0.1328     -0.81125847]\n",
      " [-0.47624981 -0.29985302 -0.07898724]\n",
      " [-0.29538354 -0.26395754 -0.38415808]\n",
      " [ 0.02737853 -0.27713225 -0.76972327]\n",
      " [-0.38759962 -0.25130261 -0.33323402]\n",
      " [-0.44717378 -0.20327337 -0.31115473]\n",
      " [-0.0721474  -0.52651274 -0.39750562]\n",
      " [-0.15909592 -0.45377292 -0.37731312]\n",
      " [-0.20628027 -0.76520027 -0.02951612]\n",
      " [ 0.41575487 -0.62613682 -0.80260246]\n",
      " [ 0.24305462 -0.56196597 -0.67221837]\n",
      " [ 0.33131763 -0.67778255 -0.64035454]\n",
      " [-0.08615696 -0.4264013  -0.39969407]\n",
      " [ 0.47171847 -0.41524516 -1.09275976]\n",
      " [-0.353548    0.10882763 -0.69875049]\n",
      " [ 0.33427733 -0.67493015 -0.63330545]\n",
      " [-0.11601748 -0.37964616 -0.44934442]\n",
      " [-0.47062412 -0.1892723  -0.17177513]\n",
      " [-0.29559104 -0.23314736 -0.29864131]\n",
      " [-0.43003804 -0.16027196 -0.30087441]\n",
      " [-0.51461442 -0.25309223 -0.08153305]\n",
      " [-0.04874196 -0.47858422 -0.36614052]\n",
      " [-0.32144574  0.16735987 -0.79371528]\n",
      " [ 0.13340764 -0.51612757 -0.61854741]\n",
      " [ 0.07203798 -0.44558281 -0.67426186]\n",
      " [-0.33332399 -0.5820595  -0.16043902]\n",
      " [-0.10117222 -0.38470556 -0.4457234 ]\n",
      " [ 0.1302056  -0.47413204 -0.58000036]\n",
      " [-0.21393181 -0.24863407 -0.55097129]\n",
      " [ 0.19245104 -0.47557987 -0.62773331]\n",
      " [ 0.13109869 -0.59582366 -0.56933157]\n",
      " [ 0.20581974 -0.63239064 -0.40726005]\n",
      " [ 0.6036309  -0.76726414 -0.69816622]\n",
      " [ 0.30524255 -0.6875726  -0.43461366]\n",
      " [ 0.27962675 -0.63676573 -0.45033387]\n",
      " [ 0.07943831 -0.56351902 -0.37031324]\n",
      " [ 0.0632458  -0.72344295 -0.27931343]\n",
      " [ 0.31132966 -0.58066161 -0.71318217]\n",
      " [ 0.1796981  -0.57516514 -0.50877379]\n",
      " [-0.50505409  0.18230162 -0.66461254]\n",
      " [-0.30033658 -0.07635102 -0.49650215]\n",
      " [-0.1370429  -0.49712407 -0.2219851 ]\n",
      " [-0.11108382 -0.75781906 -0.12167712]\n",
      " [ 0.17965924 -0.38770077 -0.6661787 ]\n",
      " [ 0.32576162 -0.64418714 -0.67662041]\n",
      " [-0.30814614 -0.00142885 -0.62135855]\n",
      " [-0.25908586  0.40232994 -1.15668894]\n",
      " [ 0.09272399 -0.42052794 -0.68531984]\n",
      " [ 0.39892538 -0.61628124 -0.78712367]\n",
      " [ 0.24946683 -0.49287522 -0.82528803]\n",
      " [-0.1929359  -0.61247867 -0.04811646]\n",
      " [ 0.15793919 -0.33501371 -0.76540799]\n",
      " [-0.00179525 -0.57204644 -0.60671479]\n",
      " [ 0.37156511 -0.87739975 -0.52854459]\n",
      " [ 0.31974625 -0.37390837 -0.88934683]\n",
      " [ 0.19726104 -0.6464092  -0.58308254]\n",
      " [-0.07844092 -0.16109509 -0.74082041]\n",
      " [-0.08392696 -0.49552818 -0.34337672]\n",
      " [-0.07269844 -0.40692114 -0.3071742 ]\n",
      " [-0.04117883 -0.18565605 -0.74445796]\n",
      " [ 0.11804375 -0.45862255 -0.57489756]\n",
      " [-0.56321426  0.26384172 -0.47982613]]\n",
      "accuracy :  0.41975308641975306\n",
      "Macro F:  0.3088663300371695\n",
      "--------\n",
      "<class 'sklearn.neural_network.multilayer_perceptron.MLPClassifier'>\n",
      "Without the context of the tweet in context\n"
     ]
    },
    {
     "name": "stderr",
     "output_type": "stream",
     "text": [
      "/home/dhawal/.local/lib/python3.6/site-packages/sklearn/neural_network/multilayer_perceptron.py:566: ConvergenceWarning: Stochastic Optimizer: Maximum iterations (1000) reached and the optimization hasn't converged yet.\n",
      "  % self.max_iter, ConvergenceWarning)\n"
     ]
    },
    {
     "name": "stdout",
     "output_type": "stream",
     "text": [
      "Confidence score:  [[6.94861515e-02 3.18190675e-01 6.12323174e-01]\n",
      " [3.76297513e-01 4.93049498e-01 1.30652988e-01]\n",
      " [1.08337751e-01 5.98668231e-01 2.92994018e-01]\n",
      " [3.87978248e-01 5.47939779e-01 6.40819725e-02]\n",
      " [9.19051560e-01 4.44939240e-03 7.64990476e-02]\n",
      " [7.84283091e-02 8.18782632e-01 1.02789059e-01]\n",
      " [1.76342177e-01 4.52782824e-01 3.70875000e-01]\n",
      " [9.11879030e-02 8.04155903e-01 1.04656194e-01]\n",
      " [5.32264317e-02 8.53718914e-01 9.30546546e-02]\n",
      " [9.97256251e-01 2.64465967e-03 9.90896971e-05]\n",
      " [9.88768928e-01 9.64378255e-03 1.58728910e-03]\n",
      " [8.42148422e-01 1.37701941e-01 2.01496371e-02]\n",
      " [6.86266017e-02 6.44816976e-01 2.86556423e-01]\n",
      " [4.34464635e-02 8.75045247e-01 8.15082899e-02]\n",
      " [5.58411178e-02 8.48035599e-01 9.61232834e-02]\n",
      " [3.00656914e-01 4.96829468e-01 2.02513618e-01]\n",
      " [9.70927911e-02 7.23451717e-01 1.79455492e-01]\n",
      " [3.00644404e-01 3.10047941e-01 3.89307655e-01]\n",
      " [6.59554007e-01 5.78828618e-02 2.82563131e-01]\n",
      " [2.82531075e-01 4.93596072e-01 2.23872853e-01]\n",
      " [7.64505315e-01 1.44897279e-01 9.05974058e-02]\n",
      " [2.63681609e-01 3.79800076e-01 3.56518316e-01]\n",
      " [4.52350593e-02 8.71319916e-01 8.34450246e-02]\n",
      " [7.40127798e-02 8.10212356e-01 1.15774864e-01]\n",
      " [5.87342913e-02 6.30655160e-01 3.10610549e-01]\n",
      " [9.96874789e-01 3.10452857e-03 2.06827764e-05]\n",
      " [4.96584056e-02 9.21063495e-01 2.92780991e-02]\n",
      " [4.64828559e-02 8.68670377e-01 8.48467672e-02]\n",
      " [9.97179654e-01 2.67783938e-03 1.42507046e-04]\n",
      " [2.06970080e-01 4.98946663e-01 2.94083257e-01]\n",
      " [9.79883933e-01 1.07000065e-03 1.90460668e-02]\n",
      " [2.52819239e-01 5.53349196e-01 1.93831565e-01]\n",
      " [1.21337428e-01 5.63422073e-01 3.15240499e-01]\n",
      " [1.51098411e-01 3.07600088e-01 5.41301501e-01]\n",
      " [1.74355850e-01 4.34169828e-01 3.91474322e-01]\n",
      " [9.19051560e-01 4.44939240e-03 7.64990476e-02]\n",
      " [9.18274425e-02 6.77414649e-01 2.30757908e-01]\n",
      " [3.84275408e-01 5.25249902e-01 9.04746900e-02]\n",
      " [4.00484849e-01 5.50366362e-01 4.91487891e-02]\n",
      " [3.87091260e-01 5.27980079e-01 8.49286615e-02]\n",
      " [1.85865427e-01 4.30560905e-01 3.83573668e-01]\n",
      " [9.90498882e-02 6.09222221e-01 2.91727891e-01]\n",
      " [1.41674725e-01 5.42117173e-01 3.16208102e-01]\n",
      " [1.41499725e-01 2.63815694e-01 5.94684581e-01]\n",
      " [4.35363235e-02 7.81621553e-01 1.74842124e-01]\n",
      " [7.37740030e-01 4.44199172e-02 2.17840053e-01]\n",
      " [3.82930379e-01 2.60071127e-01 3.56998494e-01]\n",
      " [6.39750632e-02 8.22318694e-01 1.13706243e-01]\n",
      " [3.12933342e-01 2.76084060e-01 4.10982598e-01]\n",
      " [9.99282378e-01 7.05391524e-04 1.22300841e-05]\n",
      " [1.55764508e-01 5.08054982e-01 3.36180510e-01]\n",
      " [2.27917446e-01 4.54301126e-01 3.17781428e-01]\n",
      " [4.31107338e-01 9.36490486e-02 4.75243613e-01]\n",
      " [6.99479040e-02 8.28781471e-01 1.01270625e-01]\n",
      " [1.18324965e-01 6.70761577e-01 2.10913458e-01]\n",
      " [2.68437223e-01 4.88431120e-01 2.43131657e-01]\n",
      " [4.60063581e-01 4.09565895e-01 1.30370524e-01]\n",
      " [4.57951160e-01 1.37951888e-01 4.04096952e-01]\n",
      " [3.11027743e-01 6.38647315e-01 5.03249427e-02]\n",
      " [5.32386818e-01 3.92423507e-01 7.51896753e-02]\n",
      " [3.15181651e-01 1.97078777e-01 4.87739573e-01]\n",
      " [3.73678509e-01 4.61943439e-01 1.64378052e-01]\n",
      " [4.62806806e-01 4.12314214e-01 1.24878980e-01]\n",
      " [4.11133164e-01 3.31925125e-01 2.56941711e-01]\n",
      " [3.51366364e-01 3.51088311e-01 2.97545325e-01]\n",
      " [4.62806806e-01 4.12314214e-01 1.24878980e-01]\n",
      " [4.03603696e-01 4.11141795e-01 1.85254509e-01]\n",
      " [7.41460573e-01 1.40274074e-01 1.18265353e-01]\n",
      " [6.29145749e-01 1.91006682e-01 1.79847569e-01]\n",
      " [4.30698616e-01 4.95258144e-01 7.40432404e-02]\n",
      " [4.75693484e-01 4.22850562e-01 1.01455954e-01]\n",
      " [4.98441300e-01 4.07848991e-01 9.37097096e-02]\n",
      " [5.94161592e-01 2.56438772e-01 1.49399636e-01]\n",
      " [4.02159475e-01 3.12907417e-01 2.84933108e-01]\n",
      " [4.28442547e-01 3.70382687e-01 2.01174766e-01]\n",
      " [5.14866713e-01 2.53393961e-01 2.31739327e-01]\n",
      " [4.35485090e-01 3.86781246e-01 1.77733665e-01]\n",
      " [4.62630328e-01 4.52522521e-01 8.48471517e-02]\n",
      " [4.02159475e-01 3.12907417e-01 2.84933108e-01]\n",
      " [4.46984033e-01 3.96174787e-01 1.56841181e-01]\n",
      " [4.58382917e-01 4.07889745e-01 1.33727338e-01]]\n",
      "accuracy :  0.5061728395061729\n",
      "Macro F:  0.3772196854388635\n",
      "\n",
      "With the context of the tweet in context\n",
      "Confidence score:  [[0.09751838 0.55163168 0.35084994]\n",
      " [0.07294369 0.50332814 0.42372817]\n",
      " [0.07179646 0.87389538 0.05430816]\n",
      " [0.25234435 0.62379687 0.12385878]\n",
      " [0.39648204 0.30784107 0.2956769 ]\n",
      " [0.20965544 0.45866203 0.33168253]\n",
      " [0.041335   0.8131336  0.1455314 ]\n",
      " [0.04504882 0.80553334 0.14941784]\n",
      " [0.55727051 0.06487904 0.37785045]\n",
      " [0.22864405 0.63336058 0.13799537]\n",
      " [0.2126435  0.65114824 0.13620825]\n",
      " [0.09345999 0.78604413 0.12049587]\n",
      " [0.32816362 0.49216799 0.17966839]\n",
      " [0.61532535 0.2299576  0.15471706]\n",
      " [0.6815241  0.12741887 0.19105703]\n",
      " [0.63352388 0.21508957 0.15138655]\n",
      " [0.64567733 0.19908083 0.15524185]\n",
      " [0.08962411 0.84619035 0.06418554]\n",
      " [0.07692191 0.87214295 0.05093514]\n",
      " [0.06016505 0.89418151 0.04565344]\n",
      " [0.10527269 0.19027789 0.70444942]\n",
      " [0.34092375 0.10325215 0.55582409]\n",
      " [0.45482589 0.483818   0.06135611]\n",
      " [0.74669516 0.09390488 0.15939996]\n",
      " [0.73455433 0.10400269 0.16144298]\n",
      " [0.68763161 0.15822118 0.15414721]\n",
      " [0.30032979 0.28694396 0.41272626]\n",
      " [0.24489459 0.16421609 0.59088932]\n",
      " [0.77550122 0.15386652 0.07063227]\n",
      " [0.89577189 0.08994162 0.01428649]\n",
      " [0.91982441 0.06737605 0.01279954]\n",
      " [0.49050885 0.30680974 0.20268141]\n",
      " [0.54159658 0.42651181 0.03189161]\n",
      " [0.10486679 0.80090809 0.09422512]\n",
      " [0.89649993 0.06885946 0.03464061]\n",
      " [0.57010937 0.32677079 0.10311984]\n",
      " [0.12851301 0.39014946 0.48133752]\n",
      " [0.1728935  0.41883345 0.40827305]\n",
      " [0.15141127 0.44432781 0.40426092]\n",
      " [0.08939074 0.32946325 0.581146  ]\n",
      " [0.49338561 0.1180284  0.38858599]\n",
      " [0.0963853  0.89011686 0.01349784]\n",
      " [0.72523079 0.064647   0.21012221]\n",
      " [0.62144374 0.10529109 0.27326517]\n",
      " [0.43851192 0.04802699 0.51346109]\n",
      " [0.39032838 0.45472381 0.15494781]\n",
      " [0.46379794 0.42642919 0.10977287]\n",
      " [0.38294038 0.54483143 0.07222819]\n",
      " [0.50004971 0.34275111 0.15719918]\n",
      " [0.79813818 0.13768573 0.06417608]\n",
      " [0.83513208 0.10575201 0.05911592]\n",
      " [0.96734883 0.02258113 0.01007004]\n",
      " [0.8592465  0.08826612 0.05248738]\n",
      " [0.84620551 0.0980567  0.05573779]\n",
      " [0.49542971 0.2740984  0.23047189]\n",
      " [0.61887391 0.18624447 0.19488162]\n",
      " [0.93538996 0.02066857 0.04394146]\n",
      " [0.71139712 0.16300932 0.12559357]\n",
      " [0.1509101  0.75709199 0.09199791]\n",
      " [0.42017527 0.46628291 0.11354182]\n",
      " [0.22663022 0.17870048 0.5946693 ]\n",
      " [0.38690387 0.28973024 0.32336589]\n",
      " [0.71668281 0.21117013 0.07214706]\n",
      " [0.82566608 0.12910592 0.04522799]\n",
      " [0.24381112 0.66388367 0.09230521]\n",
      " [0.090165   0.87044275 0.03939225]\n",
      " [0.76354476 0.15000128 0.08645396]\n",
      " [0.93125469 0.05367008 0.01507523]\n",
      " [0.90153798 0.08228049 0.01618153]\n",
      " [0.1781888  0.05168622 0.77012498]\n",
      " [0.83199651 0.1345581  0.03344539]\n",
      " [0.33124697 0.12595979 0.54279324]\n",
      " [0.73130569 0.03881264 0.22988166]\n",
      " [0.93761552 0.04771937 0.01466511]\n",
      " [0.80468386 0.02914727 0.16616887]\n",
      " [0.57429494 0.33903544 0.08666961]\n",
      " [0.8541483  0.08058186 0.06526985]\n",
      " [0.62037579 0.15363588 0.22598833]\n",
      " [0.69801607 0.27321409 0.02876984]\n",
      " [0.76865648 0.16141515 0.06992838]\n",
      " [0.14893794 0.54953919 0.30152287]]\n",
      "accuracy :  0.3333333333333333\n",
      "Macro F:  0.2935672514619883\n",
      "--------\n",
      "<class 'sklearn.linear_model.logistic.LogisticRegression'>\n",
      "Without the context of the tweet in context\n",
      "Confidence score:  [[-3.12034453e-01  1.38015033e-01  1.74019420e-01]\n",
      " [ 2.26540784e-01  1.28035145e-01 -3.54575929e-01]\n",
      " [-8.65991843e-02  2.37615207e-01 -1.51016022e-01]\n",
      " [ 2.72045393e-01  1.29890786e-01 -4.01936179e-01]\n",
      " [ 1.16839859e-01  2.77000878e-02 -1.44539947e-01]\n",
      " [-6.67433743e-02  2.86023028e-01 -2.19279654e-01]\n",
      " [-4.05965774e-01  6.68840796e-01 -2.62875023e-01]\n",
      " [-8.60487748e-02  3.11679169e-01 -2.25630394e-01]\n",
      " [-1.84798731e-02  2.21882678e-01 -2.03402805e-01]\n",
      " [ 4.72420361e-01 -2.04708099e-01 -2.67712262e-01]\n",
      " [ 3.75398456e-01 -1.03006378e-01 -2.72392078e-01]\n",
      " [-3.53891647e-01  6.74649519e-02  2.86426695e-01]\n",
      " [-1.76023107e-01  1.97063069e-02  1.56316800e-01]\n",
      " [ 1.96044170e-02  1.71270110e-01 -1.90874527e-01]\n",
      " [-2.46225005e-02  2.30045995e-01 -2.05423495e-01]\n",
      " [ 1.11565395e-01  8.25074194e-02 -1.94072814e-01]\n",
      " [ 3.65328409e-02  1.80290374e-01 -2.16823215e-01]\n",
      " [ 7.96828220e-02  2.60874240e-01 -3.40557062e-01]\n",
      " [ 6.33715325e-02  1.70683321e-01 -2.34054853e-01]\n",
      " [-2.21186578e-01  4.91272150e-01 -2.70085572e-01]\n",
      " [ 4.82828121e-01 -1.78579411e-02 -4.64970180e-01]\n",
      " [-2.86693691e-02  2.93921809e-01 -2.65252440e-01]\n",
      " [ 8.54768762e-03  1.85964081e-01 -1.94511769e-01]\n",
      " [-8.24925529e-01  6.08628636e-01  2.16296893e-01]\n",
      " [-8.61879625e-01  5.33080161e-01  3.28799465e-01]\n",
      " [ 5.39542520e-01 -1.22587365e-01 -4.16955155e-01]\n",
      " [-8.81182288e-01  3.84209980e-01  4.96972308e-01]\n",
      " [ 1.39333332e-03  1.95471945e-01 -1.96865278e-01]\n",
      " [ 4.48185695e-01 -1.96844934e-01 -2.51340761e-01]\n",
      " [ 1.61290358e-02  2.58622179e-01 -2.74751214e-01]\n",
      " [ 2.17238576e-01 -4.47406789e-02 -1.72497897e-01]\n",
      " [-1.82575777e-01  4.39959870e-01 -2.57384092e-01]\n",
      " [-5.66297179e-02  1.89476326e-01 -1.32846608e-01]\n",
      " [-6.01297402e-01  2.68695145e-01  3.32602258e-01]\n",
      " [ 1.79714380e-01  1.33446414e-01 -3.13160794e-01]\n",
      " [ 1.16839859e-01  2.77000878e-02 -1.44539947e-01]\n",
      " [-6.83973407e-02  2.38357463e-01 -1.69960122e-01]\n",
      " [ 2.61244036e-01  1.14025000e-01 -3.75269035e-01]\n",
      " [-3.20146652e-02  5.33974995e-01 -5.01960330e-01]\n",
      " [ 2.11927686e-01  1.85657363e-01 -3.97585050e-01]\n",
      " [-1.71197914e-01  3.31344830e-01 -1.60146916e-01]\n",
      " [-3.91484856e-01  5.30603472e-01 -1.39118616e-01]\n",
      " [-7.42568949e-02  2.60852750e-01 -1.86595855e-01]\n",
      " [-6.12274946e-01  2.84430827e-01  3.27844119e-01]\n",
      " [-5.70256386e-01  7.41471355e-01 -1.71214969e-01]\n",
      " [-3.20909973e-01  8.53225583e-02  2.35587415e-01]\n",
      " [ 1.83760513e-01 -2.04171266e-01  2.04107531e-02]\n",
      " [-8.48092009e-01  6.39416004e-01  2.08676005e-01]\n",
      " [ 1.41235013e-01 -1.60634291e-01  1.93992783e-02]\n",
      " [ 5.92938075e-01 -2.59734755e-01 -3.33203320e-01]\n",
      " [-3.03370079e-01  4.50900015e-01 -1.47529936e-01]\n",
      " [-3.56324382e-01  6.70865132e-01 -3.14540750e-01]\n",
      " [ 1.23324977e-02  1.73108123e-01 -1.85440621e-01]\n",
      " [-5.22643240e-02  2.66780923e-01 -2.14516599e-01]\n",
      " [-1.04726843e-01  3.02503683e-01 -1.97776840e-01]\n",
      " [-2.54971029e-01  5.36170396e-01 -2.81199366e-01]\n",
      " [ 3.17429997e-01  2.55790650e-02 -3.43009062e-01]\n",
      " [ 3.18902371e-01 -1.57844841e-02 -3.03117887e-01]\n",
      " [ 4.90680169e-02  4.26219206e-01 -4.75287223e-01]\n",
      " [ 3.44100974e-01  1.07672487e-01 -4.51773461e-01]\n",
      " [ 1.83105001e-01  9.84983005e-02 -2.81603302e-01]\n",
      " [ 1.97169191e-01  1.54602964e-01 -3.51772156e-01]\n",
      " [ 3.23321444e-01  2.23808529e-02 -3.45702297e-01]\n",
      " [ 2.46536249e-01  6.40642171e-02 -3.10600466e-01]\n",
      " [ 1.21642240e-01  2.22920213e-01 -3.44562453e-01]\n",
      " [ 3.23321444e-01  2.23808529e-02 -3.45702297e-01]\n",
      " [ 2.42497568e-01  8.90207518e-02 -3.31518319e-01]\n",
      " [ 4.79360063e-01 -8.16468999e-02 -3.97713163e-01]\n",
      " [ 4.02434815e-01 -4.95408495e-02 -3.52893966e-01]\n",
      " [ 3.34787944e-01  4.65083306e-02 -3.81296275e-01]\n",
      " [ 3.51271566e-01  7.20793972e-03 -3.58479505e-01]\n",
      " [ 3.66831162e-01  4.90803284e-04 -3.67321965e-01]\n",
      " [ 3.44518614e-01  2.74275713e-02 -3.71946185e-01]\n",
      " [ 2.37474643e-01  6.89833718e-02 -3.06458014e-01]\n",
      " [ 2.67679999e-01  5.25861892e-02 -3.20266188e-01]\n",
      " [ 3.15843651e-01  1.08385851e-02 -3.26682236e-01]\n",
      " [ 2.78251873e-01  4.68471753e-02 -3.25099049e-01]\n",
      " [ 3.50988486e-01  2.00250894e-02 -3.71013575e-01]\n",
      " [ 2.37474643e-01  6.89833718e-02 -3.06458014e-01]\n",
      " [ 2.94109685e-01  3.82386545e-02 -3.32348340e-01]\n",
      " [ 3.13931950e-01  2.74780034e-02 -3.41409954e-01]]\n",
      "accuracy :  0.4691358024691358\n",
      "Macro F:  0.3493589743589744\n"
     ]
    },
    {
     "name": "stdout",
     "output_type": "stream",
     "text": [
      "\n",
      "With the context of the tweet in context\n",
      "Confidence score:  [[-0.14516826  0.38117017 -0.23600191]\n",
      " [-0.08935155  0.06411456  0.02523698]\n",
      " [ 0.34467723  0.02591657 -0.3705938 ]\n",
      " [ 0.24273182  0.07643831 -0.31917012]\n",
      " [ 0.30467655 -0.29237909 -0.01229746]\n",
      " [-0.30399218  0.52862214 -0.22462996]\n",
      " [-0.67429996  1.01254288 -0.33824293]\n",
      " [-0.51078159  0.74352819 -0.2327466 ]\n",
      " [ 0.38472087 -0.36090908 -0.02381179]\n",
      " [ 0.48652462 -0.24979734 -0.23672728]\n",
      " [ 0.43969527 -0.20093223 -0.23876304]\n",
      " [ 0.15713602  0.02114088 -0.17827691]\n",
      " [ 0.41085294  0.05773192 -0.46858486]\n",
      " [ 0.50513383 -0.30177783 -0.203356  ]\n",
      " [ 0.40583775 -0.2253591  -0.18047866]\n",
      " [ 0.54718732 -0.34304362 -0.2041437 ]\n",
      " [ 0.35456032 -0.2619179  -0.09264242]\n",
      " [ 0.64715021  0.11061846 -0.75776866]\n",
      " [ 0.60523845 -0.00544681 -0.59979165]\n",
      " [ 0.46147211  0.1460469  -0.60751901]\n",
      " [ 0.00743123 -0.14206826  0.13463704]\n",
      " [ 0.25005813 -0.22776447 -0.02229366]\n",
      " [ 0.49863403 -0.1193571  -0.37927693]\n",
      " [ 0.03935048 -0.06192804  0.02257757]\n",
      " [-0.0133421  -0.07028383  0.08362594]\n",
      " [ 0.48729742 -0.34665805 -0.14063937]\n",
      " [ 0.13707072 -0.21556382  0.07849311]\n",
      " [ 0.29385137 -0.62808008  0.33422871]\n",
      " [ 1.24205915 -0.58175942 -0.66029973]\n",
      " [ 0.77841594 -0.13595834 -0.6424576 ]\n",
      " [ 0.90373622 -0.29789739 -0.60583883]\n",
      " [ 0.30141893 -0.21446335 -0.08695558]\n",
      " [ 1.42648342 -0.45174684 -0.97473657]\n",
      " [-0.17190312  0.52810285 -0.35619972]\n",
      " [ 0.97901537 -0.38691229 -0.59210308]\n",
      " [ 0.49790834 -0.24958281 -0.24832553]\n",
      " [-0.03883903 -0.10870277  0.14754179]\n",
      " [ 0.26956117 -0.09758996 -0.17197121]\n",
      " [ 0.09573533  0.08953059 -0.18526592]\n",
      " [ 0.04885257 -0.06115161  0.01229905]\n",
      " [ 0.50695423 -0.43981541 -0.06713882]\n",
      " [ 0.1342216   0.44433898 -0.57856059]\n",
      " [ 0.76790237 -0.57638946 -0.19151291]\n",
      " [ 0.56093595 -0.40947426 -0.15146169]\n",
      " [ 0.15955209 -0.4415705   0.28201841]\n",
      " [ 0.24003466 -0.13809321 -0.10194145]\n",
      " [ 0.62666973 -0.19226367 -0.43440606]\n",
      " [-0.02735707  0.30674146 -0.27938439]\n",
      " [ 0.78041269 -0.29226321 -0.48814948]\n",
      " [ 0.69054346 -0.28619407 -0.40434939]\n",
      " [ 0.78621887 -0.58518938 -0.20102949]\n",
      " [ 1.43442861 -0.75448379 -0.67994482]\n",
      " [ 0.92069643 -0.68154223 -0.2391542 ]\n",
      " [ 0.88125606 -0.6264132  -0.25484286]\n",
      " [ 0.75267885 -0.50506872 -0.24761013]\n",
      " [ 0.73602163 -0.60407428 -0.13194735]\n",
      " [ 1.0494338  -0.42620412 -0.62322968]\n",
      " [ 0.84809336 -0.43059462 -0.41749874]\n",
      " [-0.00299304  0.50037065 -0.4973776 ]\n",
      " [ 0.37615786  0.15260219 -0.52876005]\n",
      " [ 0.59210456 -0.53835619 -0.05374837]\n",
      " [ 0.59244028 -0.74978851  0.15734823]\n",
      " [ 0.86103156 -0.27785464 -0.58317692]\n",
      " [ 0.69274779 -0.31206034 -0.38068745]\n",
      " [ 0.17884013  0.25310495 -0.43194508]\n",
      " [ 0.36727482  0.73559907 -1.10287389]\n",
      " [ 0.83850543 -0.2114035  -0.62710193]\n",
      " [ 1.34079573 -0.34192517 -0.99887056]\n",
      " [ 1.15330079 -0.29815133 -0.85514946]\n",
      " [ 0.36358462 -0.55754291  0.19395828]\n",
      " [ 1.07397661 -0.09982331 -0.9741533 ]\n",
      " [ 0.57230215 -0.27513555 -0.2971666 ]\n",
      " [ 1.20736214 -0.76794995 -0.43941219]\n",
      " [ 1.14770272 -0.22591805 -0.92178467]\n",
      " [ 0.98763304 -0.45955538 -0.52807766]\n",
      " [ 0.59662386  0.13849074 -0.7351146 ]\n",
      " [ 0.62738639 -0.20005241 -0.42733398]\n",
      " [ 0.48731982 -0.27176115 -0.21555867]\n",
      " [ 0.76328511  0.10428189 -0.867567  ]\n",
      " [ 0.9003729  -0.26746096 -0.63291195]\n",
      " [-0.09901997  0.43785484 -0.33883487]]\n",
      "accuracy :  0.4691358024691358\n",
      "Macro F:  0.36512621745179885\n",
      "--------\n",
      "<class 'sklearn.tree.tree.DecisionTreeClassifier'>\n",
      "Without the context of the tweet in context\n",
      "Confidence score:  [[0.   0.   1.  ]\n",
      " [0.   1.   0.  ]\n",
      " [0.   1.   0.  ]\n",
      " [0.   0.   1.  ]\n",
      " [1.   0.   0.  ]\n",
      " [0.   1.   0.  ]\n",
      " [0.   1.   0.  ]\n",
      " [0.   1.   0.  ]\n",
      " [0.   1.   0.  ]\n",
      " [1.   0.   0.  ]\n",
      " [1.   0.   0.  ]\n",
      " [1.   0.   0.  ]\n",
      " [1.   0.   0.  ]\n",
      " [1.   0.   0.  ]\n",
      " [1.   0.   0.  ]\n",
      " [0.   0.   1.  ]\n",
      " [0.   1.   0.  ]\n",
      " [0.   0.   1.  ]\n",
      " [0.   0.   1.  ]\n",
      " [0.5  0.25 0.25]\n",
      " [0.   0.   1.  ]\n",
      " [0.   0.   1.  ]\n",
      " [0.   1.   0.  ]\n",
      " [0.   1.   0.  ]\n",
      " [0.   0.   1.  ]\n",
      " [0.   0.   1.  ]\n",
      " [0.5  0.25 0.25]\n",
      " [0.   1.   0.  ]\n",
      " [1.   0.   0.  ]\n",
      " [0.   0.   1.  ]\n",
      " [1.   0.   0.  ]\n",
      " [0.5  0.25 0.25]\n",
      " [0.   1.   0.  ]\n",
      " [0.   0.   1.  ]\n",
      " [0.   0.   1.  ]\n",
      " [1.   0.   0.  ]\n",
      " [0.   1.   0.  ]\n",
      " [0.   1.   0.  ]\n",
      " [1.   0.   0.  ]\n",
      " [1.   0.   0.  ]\n",
      " [0.   0.   1.  ]\n",
      " [0.   1.   0.  ]\n",
      " [0.   1.   0.  ]\n",
      " [0.   0.   1.  ]\n",
      " [0.   0.   1.  ]\n",
      " [0.   0.   1.  ]\n",
      " [1.   0.   0.  ]\n",
      " [0.   1.   0.  ]\n",
      " [0.   1.   0.  ]\n",
      " [1.   0.   0.  ]\n",
      " [1.   0.   0.  ]\n",
      " [1.   0.   0.  ]\n",
      " [0.   0.   1.  ]\n",
      " [0.   0.   1.  ]\n",
      " [0.   1.   0.  ]\n",
      " [0.   1.   0.  ]\n",
      " [0.   1.   0.  ]\n",
      " [1.   0.   0.  ]\n",
      " [0.   1.   0.  ]\n",
      " [0.   0.   1.  ]\n",
      " [0.5  0.25 0.25]\n",
      " [0.   1.   0.  ]\n",
      " [0.   1.   0.  ]\n",
      " [0.   1.   0.  ]\n",
      " [1.   0.   0.  ]\n",
      " [0.   1.   0.  ]\n",
      " [1.   0.   0.  ]\n",
      " [0.   1.   0.  ]\n",
      " [1.   0.   0.  ]\n",
      " [1.   0.   0.  ]\n",
      " [0.   1.   0.  ]\n",
      " [1.   0.   0.  ]\n",
      " [0.   0.   1.  ]\n",
      " [0.5  0.   0.5 ]\n",
      " [0.   1.   0.  ]\n",
      " [0.   1.   0.  ]\n",
      " [0.   1.   0.  ]\n",
      " [1.   0.   0.  ]\n",
      " [0.5  0.   0.5 ]\n",
      " [1.   0.   0.  ]\n",
      " [0.   1.   0.  ]]\n",
      "accuracy :  0.4444444444444444\n",
      "Macro F:  0.412083973374296\n",
      "\n",
      "With the context of the tweet in context\n",
      "Confidence score:  [[1. 0. 0.]\n",
      " [0. 1. 0.]\n",
      " [1. 0. 0.]\n",
      " [0. 1. 0.]\n",
      " [1. 0. 0.]\n",
      " [0. 1. 0.]\n",
      " [0. 1. 0.]\n",
      " [0. 1. 0.]\n",
      " [0. 1. 0.]\n",
      " [1. 0. 0.]\n",
      " [1. 0. 0.]\n",
      " [1. 0. 0.]\n",
      " [1. 0. 0.]\n",
      " [1. 0. 0.]\n",
      " [0. 1. 0.]\n",
      " [1. 0. 0.]\n",
      " [0. 1. 0.]\n",
      " [1. 0. 0.]\n",
      " [1. 0. 0.]\n",
      " [1. 0. 0.]\n",
      " [1. 0. 0.]\n",
      " [0. 1. 0.]\n",
      " [1. 0. 0.]\n",
      " [0. 1. 0.]\n",
      " [0. 1. 0.]\n",
      " [0. 1. 0.]\n",
      " [1. 0. 0.]\n",
      " [0. 0. 1.]\n",
      " [1. 0. 0.]\n",
      " [0. 1. 0.]\n",
      " [1. 0. 0.]\n",
      " [0. 1. 0.]\n",
      " [1. 0. 0.]\n",
      " [0. 1. 0.]\n",
      " [1. 0. 0.]\n",
      " [1. 0. 0.]\n",
      " [0. 1. 0.]\n",
      " [0. 1. 0.]\n",
      " [0. 1. 0.]\n",
      " [0. 1. 0.]\n",
      " [0. 1. 0.]\n",
      " [1. 0. 0.]\n",
      " [1. 0. 0.]\n",
      " [1. 0. 0.]\n",
      " [0. 1. 0.]\n",
      " [1. 0. 0.]\n",
      " [1. 0. 0.]\n",
      " [0. 1. 0.]\n",
      " [1. 0. 0.]\n",
      " [1. 0. 0.]\n",
      " [1. 0. 0.]\n",
      " [1. 0. 0.]\n",
      " [1. 0. 0.]\n",
      " [1. 0. 0.]\n",
      " [0. 1. 0.]\n",
      " [0. 1. 0.]\n",
      " [1. 0. 0.]\n",
      " [1. 0. 0.]\n",
      " [0. 1. 0.]\n",
      " [1. 0. 0.]\n",
      " [1. 0. 0.]\n",
      " [0. 1. 0.]\n",
      " [1. 0. 0.]\n",
      " [1. 0. 0.]\n",
      " [0. 1. 0.]\n",
      " [1. 0. 0.]\n",
      " [1. 0. 0.]\n",
      " [1. 0. 0.]\n",
      " [1. 0. 0.]\n",
      " [0. 1. 0.]\n",
      " [1. 0. 0.]\n",
      " [0. 1. 0.]\n",
      " [1. 0. 0.]\n",
      " [1. 0. 0.]\n",
      " [1. 0. 0.]\n",
      " [0. 1. 0.]\n",
      " [1. 0. 0.]\n",
      " [1. 0. 0.]\n",
      " [1. 0. 0.]\n",
      " [1. 0. 0.]\n",
      " [1. 0. 0.]]\n",
      "accuracy :  0.5308641975308642\n",
      "Macro F:  0.37134183363691564\n",
      "--------\n",
      "<class 'sklearn.ensemble.forest.RandomForestClassifier'>\n",
      "Without the context of the tweet in context\n",
      "Confidence score:  [[0.         0.7        0.3       ]\n",
      " [0.1        0.9        0.        ]\n",
      " [0.1        0.6        0.3       ]\n",
      " [0.5        0.36       0.14      ]\n",
      " [0.6        0.2        0.2       ]\n",
      " [0.1        0.9        0.        ]\n",
      " [0.2        0.5        0.3       ]\n",
      " [0.         1.         0.        ]\n",
      " [0.         0.7        0.3       ]\n",
      " [0.9        0.1        0.        ]\n",
      " [0.7        0.1        0.2       ]\n",
      " [0.4        0.3        0.3       ]\n",
      " [0.4        0.         0.6       ]\n",
      " [0.         0.9        0.1       ]\n",
      " [0.         0.5        0.5       ]\n",
      " [0.1        0.6        0.3       ]\n",
      " [0.         1.         0.        ]\n",
      " [0.1        0.2        0.7       ]\n",
      " [0.7        0.1        0.2       ]\n",
      " [0.46       0.08857143 0.45142857]\n",
      " [0.5        0.         0.5       ]\n",
      " [0.2        0.5        0.3       ]\n",
      " [0.         0.9        0.1       ]\n",
      " [0.         0.8        0.2       ]\n",
      " [0.         0.3        0.7       ]\n",
      " [0.4        0.5        0.1       ]\n",
      " [0.075      0.6        0.325     ]\n",
