{
 "cells": [
  {
   "cell_type": "code",
   "execution_count": 1,
   "metadata": {},
   "outputs": [],
   "source": [
    "%run preprocess.ipynb\n",
    "%run preprocessing_tweets.ipynb\n",
    "import os \n",
    "import numpy as np\n",
    "import json\n",
    "import gensim\n",
    "import nltk\n",
    "import re\n",
    "from nltk.corpus import stopwords\n",
    "from copy import deepcopy\n",
    "import pickle\n",
    "from nltk.tokenize import TweetTokenizer\n",
    "from sklearn.svm import LinearSVC\n",
    "from sklearn.svm import SVC\n",
    "from sklearn.metrics import accuracy_score, f1_score\n",
    "from sklearn.feature_extraction.text import CountVectorizer\n",
    "from sklearn.feature_extraction.text import TfidfVectorizer\n",
    "from sklearn.feature_extraction.text import HashingVectorizer\n",
    "from sklearn.ensemble import RandomForestClassifier\n",
    "from sklearn.preprocessing import StandardScaler\n",
    "from sklearn.metrics import confusion_matrix\n",
    "# from preprocess import read_data\n",
    "# from preprocess import get_features\n",
    "from sklearn.neural_network import MLPClassifier\n",
    "from sklearn.linear_model import LogisticRegression\n",
    "from sklearn import tree\n",
    "from collections import Counter\n",
    "from sklearn.metrics import confusion_matrix\n",
    "from sklearn.metrics import precision_score\n",
    "from sklearn.metrics import recall_score\n",
    "\n",
    "import seaborn as sn\n",
    "import pandas as pd\n",
    "import matplotlib.pyplot as plt"
   ]
  },
  {
   "cell_type": "code",
   "execution_count": 2,
   "metadata": {
    "scrolled": true
   },
   "outputs": [
    {
     "name": "stdout",
     "output_type": "stream",
     "text": [
      "580323060533764097\n"
     ]
    }
   ],
   "source": [
    "all_data = read_data()"
   ]
  },
  {
   "cell_type": "code",
   "execution_count": 63,
   "metadata": {},
   "outputs": [],
   "source": [
    "model_name=['SVC_Linear','MLP','Logistic Regression','Decision Tree','Random Forest']"
   ]
  },
  {
   "cell_type": "code",
   "execution_count": 83,
   "metadata": {},
   "outputs": [],
   "source": [
    "a=[[1,2]]"
   ]
  },
  {
   "cell_type": "code",
   "execution_count": 84,
   "metadata": {
    "scrolled": true
   },
   "outputs": [
    {
     "data": {
      "text/plain": [
       "1"
      ]
     },
     "execution_count": 84,
     "metadata": {},
     "output_type": "execute_result"
    }
   ],
   "source": [
    "a[0][0]"
   ]
  },
  {
   "cell_type": "code",
   "execution_count": 143,
   "metadata": {},
   "outputs": [],
   "source": [
    "from sklearn import preprocessing\n",
    "from statistics import mean \n",
    "le = preprocessing.LabelEncoder()"
   ]
  },
  {
   "cell_type": "code",
   "execution_count": 201,
   "metadata": {},
   "outputs": [],
   "source": [
    "Wrong_conf_with={}\n",
    "right_conf_with={}\n",
    "Wrong_conf_without={}\n",
    "right_conf_without={}\n",
    "accuracy_with={}\n",
    "accuracy_without={}\n",
    "f_score_with={}\n",
    "f_score_without={}"
   ]
  },
  {
   "cell_type": "markdown",
   "metadata": {},
   "source": [
    "#### Calculating analysis of model and its confidence score"
   ]
  },
  {
   "cell_type": "code",
   "execution_count": 202,
   "metadata": {},
   "outputs": [],
   "source": [
    "def with_tweet_context(BOW_sents, all_extra_feats, Y, model, test_BOW_sents, test_all_extra_feats, Y_test,count,title,name):\n",
    "    cv = CountVectorizer()\n",
    "    cv_fit=cv.fit_transform(BOW_sents)\n",
    "    BOW_features = cv_fit.toarray()\n",
    "    \n",
    "    # Append features with Bag of words\n",
    "    X = []\n",
    "    for i in range(len(BOW_features)):\n",
    "        line = list(BOW_features[i]) + all_extra_feats[i]\n",
    "        X.append(line)\n",
    "        \n",
    "    model.fit(X, Y)\n",
    "\n",
    "    # preprocess testing set\n",
    "    test_cv_fit = cv.transform(test_BOW_sents)\n",
    "    test_BOW_features = test_cv_fit.toarray()\n",
    "\n",
    "    # Append features\n",
    "    X_test = []\n",
    "    for i in range(len(test_BOW_features)):\n",
    "        line = list(test_BOW_features[i]) + test_all_extra_feats[i]\n",
    "        X_test.append(line)\n",
    "        \n",
    "    Y_pred = model.predict(X_test)\n",
    "#     if count==1:\n",
    "#         print(\"Confidence: \",class_probabilities = model.predict_proba(sub_main))\n",
    "    print(\"Analysis for model \"+name)\n",
    "    confidence=[]\n",
    "    if count ==1 or count==3:\n",
    "        confidence=model.decision_function(X_test)\n",
    "        confidence=confidence.tolist()\n",
    "        print(type(confidence))\n",
    "        print(\"Confidence score: \",confidence)\n",
    "    else:\n",
    "        confidence=model.predict_proba(X_test)\n",
    "        confidence=confidence.tolist()\n",
    "        print(type(confidence))\n",
    "        print(\"Confidence score: \",confidence)\n",
    "        \n",
    "    print(\"accuracy : \", accuracy_score(Y_test, Y_pred))\n",
    "    accuracy_with[name]=accuracy_score(Y_test, Y_pred)\n",
    "    print(\"Macro F: \", f1_score(Y_test, Y_pred, average='macro'))\n",
    "    wrong=[]\n",
    "    right=[]\n",
    "    le.fit(Y_test)\n",
    "    Y_test1=le.transform(Y_test)\n",
    "    Y_pred1=le.transform(Y_pred)\n",
    "    for i in range(len(Y_test)):\n",
    "        x=map(abs,confidence[i])\n",
    "        print(\"xxx \",x)\n",
    "        if Y_test1[i] == Y_pred1[i]:\n",
    "            right.append(max(x))\n",
    "        else:\n",
    "            wrong.append(max(x))\n",
    "            \n",
    "            \n",
    "    print(\"right \",len(right))\n",
    "    print(\"left \",len(wrong))\n",
    "    Wrong_conf_with[name]=mean(wrong)\n",
    "    right_conf_with[name]=mean(right)\n",
    "    f_score_with[name]= f1_score(Y_test, Y_pred, average='macro')\n",
    "    print(\"Confidence_wrong \",mean(wrong))\n",
    "    print(\"Confidence_right \",mean(right))\n",
    "            \n",
    "    cf_matrix = confusion_matrix(Y_test, Y_pred)\n",
    "    df_cm = pd.DataFrame(cf_matrix, index = [i for i in range(3)],columns = [i for i in range(3)])\n",
    "    plt.figure(figsize = (6,4))\n",
    "#     sn.heatmap(df_cm, annot=True)\n",
    "    svm = sn.heatmap(df_cm, annot=True)\n",
    "    fig = svm.get_figure()\n",
    "    fig.savefig(title)\n",
    "    return Y_pred"
   ]
  },
  {
   "cell_type": "code",
   "execution_count": 203,
   "metadata": {},
   "outputs": [],
   "source": [
    "def without_tweet_context(X, Y, model, X_test, Y_test,count,title,name):\n",
    "    model.fit(X, Y)\n",
    "    Y_pred = model.predict(X_test)\n",
    "#     if count==1:\n",
    "    confidence=[]\n",
    "    print(\"Analysis for model \"+name)\n",
    "    if count ==1 or count==3:\n",
    "        confidence=model.decision_function(X_test)\n",
    "        confidence=confidence.tolist()\n",
    "        print(type(confidence))\n",
    "        print(\"Confidence score: \",confidence)\n",
    "    else:\n",
    "        confidence=model.predict_proba(X_test)\n",
    "        confidence=confidence.tolist()\n",
    "        print(type(confidence))\n",
    "        print(\"Confidence score: \",confidence)\n",
    "    accuracy_without[name]=accuracy_score(Y_test, Y_pred)\n",
    "    print(\"accuracy : \", accuracy_score(Y_test, Y_pred))\n",
    "    print(\"Macro F: \", f1_score(Y_test, Y_pred, average='macro'))\n",
    "    f_score_without[name]= f1_score(Y_test, Y_pred, average='macro')\n",
    "    wrong=[]\n",
    "    right=[]\n",
    "    \n",
    "    le.fit(Y_test)\n",
    "    Y_test1=le.transform(Y_test)\n",
    "    Y_pred1=le.transform(Y_pred)\n",
    "    for i in range(len(Y_test)):\n",
    "#         print(Y_test1[i])\n",
    "        x=map(abs,confidence[i])\n",
    "        print(\"xxx \",x)\n",
    "        if Y_test1[i] == Y_pred1[i]:\n",
    "            right.append(max(x))\n",
    "        else:\n",
    "            wrong.append(max(x))\n",
    "            \n",
    "            \n",
    "    print(\"right \",len(right))\n",
    "    print(\"left \",len(wrong))\n",
    "    Wrong_conf_without[name]=mean(wrong)\n",
    "    right_conf_without[name]=mean(right)\n",
    "    print(\"Confidence_wrong \",mean(wrong))\n",
    "    print(\"Confidence_right \",mean(right))\n",
    "    cf_matrix = confusion_matrix(Y_test, Y_pred)\n",
    "    df_cm = pd.DataFrame(cf_matrix, index = [i for i in range(3)],columns = [i for i in range(3)])\n",
    "    plt.figure(figsize = (6,4))\n",
    "#     sn.heatmap(df_cm, annot=True)   \n",
    "    svm = sn.heatmap(df_cm, annot=True)\n",
    "    fig = svm.get_figure()\n",
    "    fig.savefig(title)\n",
    "    return Y_pred"
   ]
  },
  {
   "cell_type": "code",
   "execution_count": 204,
   "metadata": {},
   "outputs": [],
   "source": [
    "def write_to_json(ids, pred, path):\n",
    "    submission = {}\n",
    "    for i, id in enumerate(ids):\n",
    "        submission[id] = [pred[i], 1]\n",
    "        subtaskaenglish = {}\n",
    "        subtaskbenglish = {}\n",
    "        \n",
    "    answer = {}\n",
    "    answer['subtaskaenglish'] = {}\n",
    "    answer['subtaskbenglish'] = submission\n",
    "\n",
    "    answer['subtaskadanish'] = {}\n",
    "    answer['subtaskbdanish'] = {}\n",
    "\n",
    "    answer['subtaskarussian'] = {}\n",
    "    answer['subtaskbrussian'] = {}\n",
    "        \n",
    "    with open(path, 'w') as f:\n",
    "        json.dump(answer, f)"
   ]
  },
  {
   "cell_type": "code",
   "execution_count": 205,
   "metadata": {},
   "outputs": [],
   "source": [
    "from sklearn.calibration import CalibratedClassifierCV"
   ]
  },
  {
   "cell_type": "code",
   "execution_count": 206,
   "metadata": {
    "scrolled": false
   },
   "outputs": [
    {
     "name": "stdout",
     "output_type": "stream",
     "text": [
      "<class 'sklearn.svm.classes.LinearSVC'>\n",
      "Without the context of the tweet in context\n",
      "Analysis for model SVC_Linear\n",
      "<class 'list'>\n",
      "Confidence score:  [[-0.5291490657975637, -0.2531103795329817, -0.2142899417412938], [-0.20550825029940337, -0.24577333551645877, -0.5390365698135731], [-0.3892312491175851, -0.18962830964036698, -0.4162818953865538], [-0.1477212432640161, -0.25605496312160925, -0.5833528579089733], [-0.21115060276310485, -0.3839033227381016, -0.40205050585297597], [-0.34713511478377745, -0.1623593997267603, -0.48324625874071675], [-0.6372444370005842, 0.1789141132952674, -0.5497746975127885], [-0.36227304484414247, -0.1403555869268785, -0.49090449076276277], [-0.3092902896328649, -0.21736893172646485, -0.46410067868560173], [0.14907305464260892, -0.6325391572209309, -0.5091146784030754], [0.06479782101784187, -0.5387420259660356, -0.5173097671457482], [-0.4389018271220849, -0.38840045851715144, -0.17009565574001184], [-0.4044991809872083, -0.3704006894844488, -0.23143904235266888], [-0.27942728215014484, -0.26077645334077715, -0.44899307551483825], [-0.31410690374298106, -0.2103677185628661, -0.4665373888744345], [-0.19685583337558793, -0.3446022196163355, -0.448895688789285], [-0.25579819725146613, -0.259823495675649, -0.4755247670846746], [-0.34276939015170693, -0.11997169071192876, -0.5349259998339145], [-0.2281437673692432, -0.27552146446743686, -0.49642764115525306], [-0.46823855526669755, 0.01367110267229421, -0.5445121149170848], [0.06105071817447566, -0.4112601282683069, -0.6393751728082276], [-0.2993206881630894, -0.16936837162876595, -0.5324690806637619], [-0.2880971875483539, -0.2481742696462994, -0.4533791538547373], [-0.8356076440598033, 0.0944671593824516, -0.26640433723500806], [-0.9087954539615557, 0.05341973875308348, -0.15632871138247895], [0.25874456395020506, -0.5982697478870126, -0.661651816668242], [-0.9858266653225961, -0.04101305563183327, 0.010642994608099032], [-0.2937071263354304, -0.24001991549104906, -0.45621720454526027], [0.12160243780538779, -0.6210007469220136, -0.4940243466795895], [-0.254970524350019, -0.20366547679374544, -0.5376451053585547], [-0.11285335782374617, -0.4595973587240239, -0.42752172027952995], [-0.43796269514596753, -0.03033652292746941, -0.5291956508729928], [-0.3686787139429555, -0.22933120985279298, -0.39607769053268116], [-0.675412343515822, -0.18893291064674236, -0.134927362707155], [-0.26484598020092087, -0.23264734312355195, -0.5058892820377043], [-0.21115060276310485, -0.3839033227381016, -0.40205050585297597], [-0.3661164463034302, -0.1937409606824272, -0.4340084106247138], [-0.16690872686717276, -0.2639054890220734, -0.5573988707589493], [-0.386143641714765, 0.09050508847652933, -0.7039700122561978], [-0.2034182694267438, -0.2036311000618112, -0.5830586281786454], [-0.46219924420004277, -0.10567980931925613, -0.4311310116389528], [-0.6680909539784982, 0.08302265788753893, -0.4249651566694649], [-0.3658787556240404, -0.1776135296189062, -0.451848097513623], [-0.6838468953704054, -0.17587699094562767, -0.14091503880916845], [-0.8177447371345326, 0.2689605253173426, -0.46915287595331584], [-0.39314585686268866, -0.3867157644533034, -0.22286317180627957], [-0.03415878462877632, -0.612690477097687, -0.3471893055793741], [-0.8537731601322412, 0.12087173474230972, -0.27559421566146325], [-0.07176810361266929, -0.5725582022952034, -0.35036874332009726], [0.2788680579774614, -0.7016485255926919, -0.5706517008372864], [-0.585734270067116, 0.007541671004820838, -0.42743149865726004], [-0.5742040656892526, 0.16769779227146697, -0.5981197390714068], [-0.2894758501110815, -0.2591973801330754, -0.4473121011896356], [-0.33578166723850367, -0.17886225932667166, -0.4775025847241822], [-0.38897661638969205, -0.14174863957857697, -0.4642952597946208], [-0.49472993287233635, 0.05217777507208737, -0.5579140209556653], [-0.12773773489958876, -0.33713618031749915, -0.5213252230472414], [-0.14228701302124153, -0.36674164804228665, -0.48490206487176934], [-0.322564335461232, -0.001910925282974263, -0.6718054377636047], [-0.06705865705015014, -0.2909378250033837, -0.6323455742377775], [-0.2705152335855623, -0.254483060309124, -0.4689526228568646], [-0.2329604782698641, -0.22061300655555274, -0.5382144558176414], [-0.12147556390458991, -0.3407613171599717, -0.5236222669152404], [-0.20309252587274146, -0.2935137003130789, -0.4936841285023203], [-0.30355192162247735, -0.15591501779893732, -0.5361004483995313], [-0.12147556390458991, -0.3407613171599717, -0.5236222669152404], [-0.1993119286475379, -0.2758414468290956, -0.5148874251818183], [0.033689637670541575, -0.4533029822108658, -0.5731095842979197], [-0.04889413973632155, -0.4099411429832961, -0.5280415566123182], [-0.0985229705678298, -0.32756735472122517, -0.5584636038373237], [-0.09176665964924657, -0.3579596407847254, -0.5345198703820262], [-0.07474354164434299, -0.36650211718403064, -0.542585059853323], [-0.09430792991741659, -0.3439297045836507, -0.5510162526784563], [-0.21272434126028728, -0.2879378945982282, -0.4901510562672552], [-0.18061828996846785, -0.3065239136477306, -0.5019279637174722], [-0.13562171204070478, -0.3471983294422832, -0.5064770115664448], [-0.16938117201633104, -0.31302902031505636, -0.5060498813250481], [-0.08757638066761834, -0.3493369669908932, -0.547080680522344], [-0.21272434126028728, -0.2879378945982282, -0.4901510562672552], [-0.15252549508812582, -0.3227866803160451, -0.5122327577364121], [-0.1314558989278693, -0.33498375531728103, -0.519961353250617]]\n",
      "accuracy :  0.4567901234567901\n",
      "Macro F:  0.3404935430251886\n",
      "xxx  <map object at 0x7ff6a9d94b70>\n",
      "xxx  <map object at 0x7ff6a74b9e48>\n",
      "xxx  <map object at 0x7ff6aa257128>\n",
      "xxx  <map object at 0x7ff6a74b9588>\n",
      "xxx  <map object at 0x7ff6a9d94b70>\n",
      "xxx  <map object at 0x7ff6a74b9e48>\n",
      "xxx  <map object at 0x7ff6aa257128>\n",
      "xxx  <map object at 0x7ff6a74b9588>\n",
      "xxx  <map object at 0x7ff6a9d94b70>\n",
      "xxx  <map object at 0x7ff6a74b9e48>\n",
      "xxx  <map object at 0x7ff6aa257128>\n",
      "xxx  <map object at 0x7ff6a74b9588>\n",
      "xxx  <map object at 0x7ff6a9d94b70>\n",
      "xxx  <map object at 0x7ff6a74b9e48>\n",
      "xxx  <map object at 0x7ff6aa257128>\n",
      "xxx  <map object at 0x7ff6a74b9588>\n",
      "xxx  <map object at 0x7ff6a9d94b70>\n",
      "xxx  <map object at 0x7ff6a74b9e48>\n",
      "xxx  <map object at 0x7ff6aa257128>\n",
      "xxx  <map object at 0x7ff6a74b9588>\n",
      "xxx  <map object at 0x7ff6a9d94b70>\n",
      "xxx  <map object at 0x7ff6a74b9e48>\n",
      "xxx  <map object at 0x7ff6aa257128>\n",
      "xxx  <map object at 0x7ff6a74b9588>\n",
      "xxx  <map object at 0x7ff6a9d94b70>\n",
      "xxx  <map object at 0x7ff6a74b9e48>\n",
      "xxx  <map object at 0x7ff6aa257128>\n",
      "xxx  <map object at 0x7ff6a74b9588>\n",
      "xxx  <map object at 0x7ff6a9d94b70>\n",
      "xxx  <map object at 0x7ff6a74b9e48>\n",
      "xxx  <map object at 0x7ff6aa257128>\n",
      "xxx  <map object at 0x7ff6a74b9588>\n",
      "xxx  <map object at 0x7ff6a9d94b70>\n",
      "xxx  <map object at 0x7ff6a74b9e48>\n",
      "xxx  <map object at 0x7ff6aa257128>\n",
      "xxx  <map object at 0x7ff6a74b9588>\n",
      "xxx  <map object at 0x7ff6a9d94b70>\n",
      "xxx  <map object at 0x7ff6a74b9e48>\n",
      "xxx  <map object at 0x7ff6aa257128>\n",
      "xxx  <map object at 0x7ff6a74b9588>\n",
      "xxx  <map object at 0x7ff6a9d94b70>\n",
      "xxx  <map object at 0x7ff6a74b9e48>\n",
      "xxx  <map object at 0x7ff6aa257128>\n",
      "xxx  <map object at 0x7ff6a74b9588>\n",
      "xxx  <map object at 0x7ff6a9d94b70>\n",
      "xxx  <map object at 0x7ff6a74b9e48>\n",
      "xxx  <map object at 0x7ff6aa257128>\n",
      "xxx  <map object at 0x7ff6a74b9588>\n",
      "xxx  <map object at 0x7ff6a9d94b70>\n",
      "xxx  <map object at 0x7ff6a74b9e48>\n",
      "xxx  <map object at 0x7ff6aa257128>\n",
      "xxx  <map object at 0x7ff6a74b9588>\n",
      "xxx  <map object at 0x7ff6a9d94b70>\n",
      "xxx  <map object at 0x7ff6a74b9e48>\n",
      "xxx  <map object at 0x7ff6aa257128>\n",
      "xxx  <map object at 0x7ff6a74b9588>\n",
      "xxx  <map object at 0x7ff6a9d94b70>\n",
      "xxx  <map object at 0x7ff6a74b9e48>\n",
      "xxx  <map object at 0x7ff6aa257128>\n",
      "xxx  <map object at 0x7ff6a74b9588>\n",
      "xxx  <map object at 0x7ff6a9d94b70>\n",
      "xxx  <map object at 0x7ff6a74b9e48>\n",
      "xxx  <map object at 0x7ff6aa257128>\n",
      "xxx  <map object at 0x7ff6a74b9588>\n",
      "xxx  <map object at 0x7ff6a9d94b70>\n",
      "xxx  <map object at 0x7ff6a74b9e48>\n",
      "xxx  <map object at 0x7ff6aa257128>\n",
      "xxx  <map object at 0x7ff6a74b9588>\n",
      "xxx  <map object at 0x7ff6a9d94b70>\n",
      "xxx  <map object at 0x7ff6a74b9e48>\n",
      "xxx  <map object at 0x7ff6aa257128>\n",
      "xxx  <map object at 0x7ff6a74b9588>\n",
      "xxx  <map object at 0x7ff6a9d94b70>\n",
      "xxx  <map object at 0x7ff6a74b9e48>\n",
      "xxx  <map object at 0x7ff6aa257128>\n",
      "xxx  <map object at 0x7ff6a74b9588>\n",
      "xxx  <map object at 0x7ff6a9d94b70>\n",
      "xxx  <map object at 0x7ff6a74b9e48>\n",
      "xxx  <map object at 0x7ff6aa257128>\n",
      "xxx  <map object at 0x7ff6a74b9588>\n",
      "xxx  <map object at 0x7ff6a9d94b70>\n",
      "right  37\n",
      "left  44\n",
      "Confidence_wrong  0.5655764935546699\n",
      "Confidence_right  0.5294264983062849\n"
     ]
    },
    {
     "name": "stdout",
     "output_type": "stream",
     "text": [
      "\n",
      "With the context of the tweet in context\n",
      "Analysis for model SVC_Linear\n",
      "<class 'list'>\n",
      "Confidence score:  [[-0.42533637420560433, -0.145582640488018, -0.4297262925351441], [-0.4121156058769829, -0.13440368069189668, -0.2626447182516835], [-0.11386317473156284, -0.22195918498706024, -0.6590933892726841], [-0.29984034073776644, -0.1970299998115858, -0.4567757184696102], [-0.17601616716148294, -0.39783560764182174, -0.32359121655571177], [-0.5817748729102558, 0.16208785378631219, -0.47089122612387774], [-0.8457241860159586, 0.4898868292724723, -0.5544523568902687], [-0.7699016880917181, 0.3738263116288475, -0.5201802428703488], [-0.09233226750081613, -0.5367463671244729, -0.3246860545734672], [0.01863462207336282, -0.46093567240572275, -0.4611632625446054], [-0.01310022296649968, -0.41715026763868723, -0.46625089133291175], [-0.12598272241819203, -0.290645187381108, -0.5127646794295537], [-0.10549979198757999, -0.276359215714743, -0.6340884398019146], [-0.04113054910592075, -0.3859335129450304, -0.5057579825307436], [-0.07682035616690132, -0.3218607170384754, -0.49681651663821486], [-0.01288989056367558, -0.42524294858002903, -0.5027485040473516], [-0.1295503451959702, -0.3819212211944849, -0.3739978246393051], [0.06711340769019185, -0.2030030963613035, -0.7682485126855406], [0.05729919572252713, -0.2503847614836719, -0.7985285714353713], [-0.04329359060061462, -0.13279999898243533, -0.8112584695655323], [-0.4762498069276022, -0.29985301858885427, -0.0789872356555677], [-0.29538353988372545, -0.2639575393212426, -0.38415807721744977], [0.02737853329231417, -0.2771322497900542, -0.7697232741412221], [-0.3875996192378087, -0.2513026059541107, -0.33323402069463803], [-0.4471737806465624, -0.20327337120331618, -0.3111547344970847], [-0.07214739603383252, -0.5265127391582779, -0.39750562459699257], [-0.15909592174677728, -0.45377292022903304, -0.3773131151527196], [-0.206280270183737, -0.7652002744649365, -0.02951612320876784], [0.41575487184936777, -0.6261368236613406, -0.8026024631793973], [0.24305462442563364, -0.5619659691928842, -0.6722183656793748], [0.3313176280115412, -0.6777825528425778, -0.6403545390339858], [-0.0861569577557968, -0.4264013023109667, -0.3996940696642137], [0.4717184655538982, -0.4152451631433593, -1.092759760700922], [-0.35354800073055176, 0.10882762631199905, -0.6987504878266595], [0.3342773279585483, -0.674930154614239, -0.6333054490875656], [-0.11601747819958284, -0.379646155767576, -0.4493444215219292], [-0.4706241150203967, -0.18927229781127705, -0.17177512709290288], [-0.29559104491689475, -0.23314735775120538, -0.298641313640571], [-0.43003804332551665, -0.16027196103967212, -0.30087441308088375], [-0.5146144207567779, -0.2530922266048895, -0.08153305084095874], [-0.04874196320096265, -0.47858422415076685, -0.3661405225815076], [-0.32144573527655407, 0.16735986694973415, -0.7937152825345584], [0.13340763981317866, -0.5161275721420404, -0.618547405984705], [0.07203798342491723, -0.44558281433665825, -0.674261858212625], [-0.33332399450196176, -0.5820595008156415, -0.16043901773050298], [-0.10117222305434205, -0.38470556248823545, -0.4457234042994722], [0.13020560433786094, -0.4741320431527102, -0.5800003559854512], [-0.21393181169164616, -0.24863407151647363, -0.5509712905817962], [0.19245103502532374, -0.47557986852052686, -0.6277333065342204], [0.131098686721903, -0.5958236570185317, -0.5693315737007862], [0.20581973950099652, -0.6323906365755585, -0.40726005093412976], [0.6036309031409252, -0.7672641392706916, -0.6981662177914393], [0.30524255032324, -0.6875725950926097, -0.4346136616309765], [0.2796267500004724, -0.6367657262347433, -0.45033387458653296], [0.07943831280882051, -0.5635190193746156, -0.3703132374536394], [0.0632457953434805, -0.7234429483673818, -0.27931343006198056], [0.3113296618498609, -0.5806616103942868, -0.7131821672285301], [0.17969809818513782, -0.5751651390082093, -0.5087737920524886], [-0.505054089743434, 0.18230161864380268, -0.66461254127475], [-0.3003365836638597, -0.07635101962437207, -0.49650215265285685], [-0.1370428979006765, -0.4971240676732809, -0.22198510270167235], [-0.11108382409862594, -0.7578190607718611, -0.1216771223106872], [0.1796592361313218, -0.3877007692400328, -0.6661786993888245], [0.325761616732615, -0.6441871392971196, -0.676620409533898], [-0.30814613763487536, -0.0014288495319964567, -0.6213585473405394], [-0.25908586405137946, 0.40232993659319394, -1.1566889358882466], [0.09272399280504352, -0.4205279387176026, -0.6853198437940209], [0.39892538306398173, -0.6162812419543336, -0.7871236674606275], [0.24946683396932967, -0.4928752248576038, -0.825288032336077], [-0.19293589880962336, -0.6124786745140701, -0.048116463214774086], [0.15793918993537104, -0.3350137079606961, -0.7654079883273308], [-0.0017952481737226883, -0.572046439596539, -0.6067147874358558], [0.3715651070218322, -0.8773997467700821, -0.5285445885537247], [0.3197462529527686, -0.3739083736495829, -0.8893468329799461], [0.19726104177696857, -0.6464092023582408, -0.5830825438693547], [-0.078440920836902, -0.1610950926846682, -0.7408204107889156], [-0.08392695948379056, -0.4955281793561356, -0.343376715129364], [-0.07269844346227344, -0.4069211416610569, -0.30717419565648807], [-0.04117882889736035, -0.185656054619299, -0.7444579620434608], [0.11804374741520006, -0.45862254789436163, -0.5748975562680585], [-0.5632142550332394, 0.26384172013047336, -0.479826134474738]]\n",
      "accuracy :  0.41975308641975306\n",
      "Macro F:  0.3088663300371695\n",
      "xxx  <map object at 0x7ff6aa06aa90>\n",
      "xxx  <map object at 0x7ff6aa06ab38>\n",
      "xxx  <map object at 0x7ff6aa06aa90>\n",
      "xxx  <map object at 0x7ff6aa06ab70>\n",
      "xxx  <map object at 0x7ff6aa06aa90>\n",
      "xxx  <map object at 0x7ff6aa06ab38>\n",
      "xxx  <map object at 0x7ff6aa06aa90>\n",
      "xxx  <map object at 0x7ff6aa06ab70>\n",
      "xxx  <map object at 0x7ff6aa06aa90>\n",
      "xxx  <map object at 0x7ff6aa06ab38>\n",
      "xxx  <map object at 0x7ff6aa06aa90>\n",
      "xxx  <map object at 0x7ff6aa06ab70>\n",
      "xxx  <map object at 0x7ff6aa06aa90>\n",
      "xxx  <map object at 0x7ff6aa06ab38>\n",
      "xxx  <map object at 0x7ff6aa06aa90>\n",
      "xxx  <map object at 0x7ff6aa06ab70>\n",
      "xxx  <map object at 0x7ff6aa06aa90>\n",
      "xxx  <map object at 0x7ff6aa06ab38>\n",
      "xxx  <map object at 0x7ff6aa06aa90>\n",
      "xxx  <map object at 0x7ff6aa06ab70>\n",
      "xxx  <map object at 0x7ff6aa06aa90>\n",
      "xxx  <map object at 0x7ff6aa06ab38>\n",
      "xxx  <map object at 0x7ff6aa06aa90>\n",
      "xxx  <map object at 0x7ff6aa06ab70>\n",
      "xxx  <map object at 0x7ff6aa06aa90>\n",
      "xxx  <map object at 0x7ff6aa06ab38>\n",
      "xxx  <map object at 0x7ff6aa06aa90>\n",
      "xxx  <map object at 0x7ff6aa06ab70>\n",
      "xxx  <map object at 0x7ff6aa06aa90>\n",
      "xxx  <map object at 0x7ff6aa06ab38>\n",
      "xxx  <map object at 0x7ff6aa06aa90>\n",
      "xxx  <map object at 0x7ff6aa06ab70>\n",
      "xxx  <map object at 0x7ff6aa06aa90>\n",
      "xxx  <map object at 0x7ff6aa06ab70>\n",
      "xxx  <map object at 0x7ff6aa06aa90>\n",
      "xxx  <map object at 0x7ff6aa06ab70>\n",
      "xxx  <map object at 0x7ff6aa06aa90>\n",
      "xxx  <map object at 0x7ff6aa06ab70>\n",
      "xxx  <map object at 0x7ff6aa06aa90>\n",
      "xxx  <map object at 0x7ff6aa06ab70>\n",
      "xxx  <map object at 0x7ff6aa06aa90>\n",
      "xxx  <map object at 0x7ff6aa06ab70>\n",
      "xxx  <map object at 0x7ff6aa06aa90>\n",
      "xxx  <map object at 0x7ff6aa06ab70>\n",
      "xxx  <map object at 0x7ff6aa06aa90>\n",
      "xxx  <map object at 0x7ff6aa06ab70>\n",
      "xxx  <map object at 0x7ff6aa06aa90>\n",
      "xxx  <map object at 0x7ff6aa06ab70>\n",
      "xxx  <map object at 0x7ff6aa06aa90>\n",
      "xxx  <map object at 0x7ff6aa06ab70>\n",
      "xxx  <map object at 0x7ff6aa06aa90>\n",
      "xxx  <map object at 0x7ff6aa06ab70>\n",
      "xxx  <map object at 0x7ff6aa06aa90>\n",
      "xxx  <map object at 0x7ff6aa06ab70>\n",
      "xxx  <map object at 0x7ff6aa06aa90>\n",
      "xxx  <map object at 0x7ff6aa06ab70>\n",
      "xxx  <map object at 0x7ff6aa06aa90>\n",
      "xxx  <map object at 0x7ff6aa06ab70>\n",
      "xxx  <map object at 0x7ff6aa06aa90>\n",
      "xxx  <map object at 0x7ff6aa06ab70>\n",
      "xxx  <map object at 0x7ff6aa06aa90>\n",
      "xxx  <map object at 0x7ff6aa06ab70>\n",
      "xxx  <map object at 0x7ff6aa06aa90>\n",
      "xxx  <map object at 0x7ff6aa06ab70>\n",
      "xxx  <map object at 0x7ff6aa06aa90>\n",
      "xxx  <map object at 0x7ff6aa06ab70>\n",
      "xxx  <map object at 0x7ff6aa06aa90>\n",
      "xxx  <map object at 0x7ff6aa06ab70>\n",
      "xxx  <map object at 0x7ff6aa06aa90>\n",
      "xxx  <map object at 0x7ff6aa06ab70>\n",
      "xxx  <map object at 0x7ff6aa06aa90>\n",
      "xxx  <map object at 0x7ff6aa06ab70>\n",
      "xxx  <map object at 0x7ff6aa06aa90>\n",
      "xxx  <map object at 0x7ff6aa06ab70>\n",
      "xxx  <map object at 0x7ff6aa06aa90>\n",
      "xxx  <map object at 0x7ff6aa06ab70>\n",
      "xxx  <map object at 0x7ff6aa06aa90>\n",
      "xxx  <map object at 0x7ff6aa06ab70>\n",
      "xxx  <map object at 0x7ff6aa06aa90>\n",
      "xxx  <map object at 0x7ff6aa06ab70>\n",
      "xxx  <map object at 0x7ff6aa06aa90>\n",
      "right  34\n",
      "left  47\n",
      "Confidence_wrong  0.6063819910422032\n",
      "Confidence_right  0.6280394248977949\n"
     ]
    },
    {
     "name": "stdout",
     "output_type": "stream",
     "text": [
      "--------\n",
      "<class 'sklearn.neural_network.multilayer_perceptron.MLPClassifier'>\n",
      "Without the context of the tweet in context\n"
     ]
    },
    {
     "name": "stderr",
     "output_type": "stream",
     "text": [
      "/home/dhawal/.local/lib/python3.6/site-packages/sklearn/neural_network/multilayer_perceptron.py:566: ConvergenceWarning: Stochastic Optimizer: Maximum iterations (1000) reached and the optimization hasn't converged yet.\n",
      "  % self.max_iter, ConvergenceWarning)\n"
     ]
    },
    {
     "name": "stdout",
     "output_type": "stream",
     "text": [
      "Analysis for model MLP\n",
      "<class 'list'>\n",
      "Confidence score:  [[0.04703284530364846, 0.4323068369316968, 0.5206603177646547], [0.3536899357614825, 0.5148395309351812, 0.13147053330333625], [0.19315898041041354, 0.5659656970905554, 0.24087532249903115], [0.34792230584510125, 0.5735103327046871, 0.07856736145021154], [0.962972764887613, 0.0017494219414267455, 0.035277813170960244], [0.06736235120644352, 0.791017339820507, 0.14162030897304942], [0.11213525360195102, 0.6327638626345483, 0.25510088376350054], [0.0865444945352148, 0.7639580847822836, 0.1494974206825017], [0.03620573722943565, 0.8617431009988298, 0.10205116177173443], [0.9935580196141348, 0.005934524893495756, 0.0005074554923694078], [0.9046482873878584, 0.0869546413338154, 0.008397071278326203], [0.7035836458593063, 0.16383164583094373, 0.1325847083097499], [0.09924362348890547, 0.4978513793125839, 0.40290499719851064], [0.034575410686587836, 0.915133450464365, 0.050291138849047096], [0.039272524306685826, 0.8473251219454221, 0.11340235374789204], [0.2393909972103894, 0.6348232985084968, 0.12578570428111374], [0.05360968967814322, 0.841222005914164, 0.10516830440769276], [0.2607138020844128, 0.36482167869273774, 0.37446451922284957], [0.6225529220407487, 0.08199900346025697, 0.29544807449899424], [0.3244639863516864, 0.500814550471742, 0.17472146317657175], [0.6999695089852318, 0.14142644742385732, 0.15860404359091093], [0.1576452232140097, 0.39984117693544685, 0.44251359985054345], [0.03382163188007949, 0.9068573786880376, 0.059320989431883], [0.04521661974761027, 0.8009747099494069, 0.15380867030298276], [0.08671950451661871, 0.6414598268343212, 0.2718206686490601], [0.9274616594283804, 0.07235348457629011, 0.00018485599532939656], [0.1075793339170955, 0.7916531373516329, 0.1007675287312716], [0.03391623164133867, 0.8987879916792827, 0.06729577667937865], [0.9964058905706656, 0.003066837596264144, 0.0005272718330701815], [0.12951147629123932, 0.5590064404506365, 0.3114820832581243], [0.9951876322181377, 0.0003380762697755487, 0.0044742915120868886], [0.2607604831563083, 0.567710906872751, 0.17152860997094066], [0.29567464859620773, 0.46495930304854793, 0.23936604835524436], [0.19774466156825948, 0.37205266654100677, 0.43020267189073375], [0.13995971688236608, 0.4790247963410417, 0.3810154867765921], [0.962972764887613, 0.0017494219414267455, 0.035277813170960244], [0.11367956683585106, 0.6851136319473499, 0.20120680121679912], [0.3394450695800888, 0.5622367009266136, 0.09831822949329772], [0.5778011554578091, 0.40202097528947717, 0.02017786925271367], [0.2599249202707941, 0.6580119791362432, 0.0820631005929628], [0.23050363431654194, 0.4385469316579535, 0.33094943402550453], [0.0763809634414292, 0.5802154510830814, 0.3434035854754895], [0.12752324713251678, 0.6207812254694276, 0.2516955273980556], [0.17210732071839674, 0.35322852488255885, 0.47466415439904447], [0.0380266200348132, 0.8301442205886008, 0.13182915937658596], [0.696056334871688, 0.16228553367761336, 0.14165813145069867], [0.12789948639978047, 0.45650520506998926, 0.41559530853023025], [0.03964163216311835, 0.8037493005890521, 0.15660906724782955], [0.15400156351771735, 0.37529731483180423, 0.47070112165047834], [0.9958432090464238, 0.004113239572055566, 4.355138152057166e-05], [0.09629886001532956, 0.5178579216390646, 0.3858432183456058], [0.2415993015512896, 0.5271259114071223, 0.23127478704158813], [0.4634274271188278, 0.1804588619062817, 0.35611371097489053], [0.05622256492318034, 0.8078558665417392, 0.13592156853508044], [0.09411329727252885, 0.6731580517540764, 0.23272865097339474], [0.29063173765609046, 0.5367662386714906, 0.17260202367241892], [0.4496964150588984, 0.42248804303409493, 0.12781554190700678], [0.4927941426088086, 0.1379223951297517, 0.3692834622614396], [0.3044293127522963, 0.6492392337252786, 0.04633145352242512], [0.5091225510118755, 0.3304295802261329, 0.16044786876199174], [0.44662659454603276, 0.22040085566195175, 0.33297254979201546], [0.36299365555384927, 0.4798850062282145, 0.15712133821793614], [0.45173356419495664, 0.4234335549589382, 0.12483288084610515], [0.4505410937145969, 0.3560146097913619, 0.19344429649404118], [0.37686507361598964, 0.38272708539130235, 0.24040784099270793], [0.45173356419495664, 0.4234335549589382, 0.12483288084610515], [0.4050478043681299, 0.4361434645378033, 0.15880873109406676], [0.7582333248668578, 0.08028584501869196, 0.16148083011445016], [0.6559794563527784, 0.1476961701750712, 0.19632437347215034], [0.4141870073849443, 0.4930624279134782, 0.09275056470157747], [0.4610283055680761, 0.42748793101596627, 0.11148376341595762], [0.48116034215373166, 0.4069470804197273, 0.11189257742654109], [0.5683678782030755, 0.23230627732512346, 0.19932584447180107], [0.4578869417080532, 0.3328198189507672, 0.2092932393411797], [0.431918835769389, 0.40551765782416516, 0.16256350640644576], [0.540988786576912, 0.24999932193523744, 0.20901189148785065], [0.43059303467048954, 0.4162684706692883, 0.1531384946602221], [0.43984209586742984, 0.4594462191578072, 0.10071168497476285], [0.4578869417080532, 0.3328198189507672, 0.2092932393411797], [0.43902617883516987, 0.4189417166115773, 0.14203210455325277], [0.4484737349005386, 0.42191120724207143, 0.12961505785738986]]\n",
      "accuracy :  0.5308641975308642\n",
      "Macro F:  0.42522831050228316\n",
      "xxx  <map object at 0x7ff6a79d22b0>\n",
      "xxx  <map object at 0x7ff6aa257128>\n",
      "xxx  <map object at 0x7ff6a67a9828>\n",
      "xxx  <map object at 0x7ff6a9d94b70>\n",
      "xxx  <map object at 0x7ff6a79d22b0>\n",
      "xxx  <map object at 0x7ff6aa257128>\n",
      "xxx  <map object at 0x7ff6a67a9828>\n",
      "xxx  <map object at 0x7ff6a9d94b70>\n",
      "xxx  <map object at 0x7ff6a79d22b0>\n",
      "xxx  <map object at 0x7ff6aa257128>\n",
      "xxx  <map object at 0x7ff6a67a9828>\n",
      "xxx  <map object at 0x7ff6a9d94b70>\n",
      "xxx  <map object at 0x7ff6a79d22b0>\n",
      "xxx  <map object at 0x7ff6aa257128>\n",
      "xxx  <map object at 0x7ff6a67a9828>\n",
      "xxx  <map object at 0x7ff6a9d94b70>\n",
      "xxx  <map object at 0x7ff6a79d22b0>\n",
      "xxx  <map object at 0x7ff6aa257128>\n",
      "xxx  <map object at 0x7ff6a67a9828>\n",
      "xxx  <map object at 0x7ff6a9d94b70>\n",
      "xxx  <map object at 0x7ff6a79d22b0>\n",
      "xxx  <map object at 0x7ff6aa257128>\n",
      "xxx  <map object at 0x7ff6a67a9828>\n",
      "xxx  <map object at 0x7ff6a9d94b70>\n",
      "xxx  <map object at 0x7ff6a79d22b0>\n",
      "xxx  <map object at 0x7ff6aa257128>\n",
      "xxx  <map object at 0x7ff6a67a9828>\n",
      "xxx  <map object at 0x7ff6a9d94b70>\n",
      "xxx  <map object at 0x7ff6a79d22b0>\n",
      "xxx  <map object at 0x7ff6aa257128>\n",
      "xxx  <map object at 0x7ff6a67a9828>\n",
      "xxx  <map object at 0x7ff6a9d94b70>\n",
      "xxx  <map object at 0x7ff6a79d22b0>\n",
      "xxx  <map object at 0x7ff6aa257128>\n",
      "xxx  <map object at 0x7ff6a67a9828>\n",
      "xxx  <map object at 0x7ff6a9d94b70>\n",
      "xxx  <map object at 0x7ff6a79d22b0>\n",
      "xxx  <map object at 0x7ff6aa257128>\n",
      "xxx  <map object at 0x7ff6a67a9828>\n",
      "xxx  <map object at 0x7ff6a9d94b70>\n",
      "xxx  <map object at 0x7ff6a79d22b0>\n",
      "xxx  <map object at 0x7ff6aa257128>\n",
      "xxx  <map object at 0x7ff6a67a9828>\n",
      "xxx  <map object at 0x7ff6a9d94b70>\n",
      "xxx  <map object at 0x7ff6a79d22b0>\n",
      "xxx  <map object at 0x7ff6aa257128>\n",
      "xxx  <map object at 0x7ff6a67a9828>\n",
      "xxx  <map object at 0x7ff6a9d94b70>\n",
      "xxx  <map object at 0x7ff6a79d22b0>\n",
      "xxx  <map object at 0x7ff6aa257128>\n",
      "xxx  <map object at 0x7ff6a67a9828>\n",
      "xxx  <map object at 0x7ff6a9d94b70>\n",
      "xxx  <map object at 0x7ff6a79d22b0>\n",
      "xxx  <map object at 0x7ff6aa257128>\n",
      "xxx  <map object at 0x7ff6a67a9828>\n",
      "xxx  <map object at 0x7ff6a9d94b70>\n",
      "xxx  <map object at 0x7ff6a79d22b0>\n",
      "xxx  <map object at 0x7ff6aa257128>\n",
      "xxx  <map object at 0x7ff6a67a9828>\n",
      "xxx  <map object at 0x7ff6a9d94b70>\n",
      "xxx  <map object at 0x7ff6a79d22b0>\n",
      "xxx  <map object at 0x7ff6aa257128>\n",
      "xxx  <map object at 0x7ff6a67a9828>\n",
      "xxx  <map object at 0x7ff6a9d94b70>\n",
      "xxx  <map object at 0x7ff6a79d22b0>\n",
      "xxx  <map object at 0x7ff6aa257128>\n",
      "xxx  <map object at 0x7ff6a67a9828>\n",
      "xxx  <map object at 0x7ff6a9d94b70>\n",
      "xxx  <map object at 0x7ff6a79d22b0>\n",
      "xxx  <map object at 0x7ff6aa257128>\n",
      "xxx  <map object at 0x7ff6a67a9828>\n",
      "xxx  <map object at 0x7ff6a9d94b70>\n",
      "xxx  <map object at 0x7ff6a79d22b0>\n",
      "xxx  <map object at 0x7ff6aa257128>\n",
      "xxx  <map object at 0x7ff6a67a9828>\n",
      "xxx  <map object at 0x7ff6a9d94b70>\n",
      "xxx  <map object at 0x7ff6a79d22b0>\n",
      "xxx  <map object at 0x7ff6aa257128>\n",
      "xxx  <map object at 0x7ff6a67a9828>\n",
      "xxx  <map object at 0x7ff6a9d94b70>\n",
      "xxx  <map object at 0x7ff6a79d22b0>\n",
      "right  43\n",
      "left  38\n",
      "Confidence_wrong  0.5365579155469824\n",
      "Confidence_right  0.6944235540289623\n",
      "\n"
     ]
    },
    {
     "name": "stdout",
     "output_type": "stream",
     "text": [
      "With the context of the tweet in context\n",
      "Analysis for model MLP\n",
      "<class 'list'>\n",
